221489
92126
289278
328558
113121
383305
383979
277544
315081
132268
108823
211817
49923
344634
256260
300762
192605
46658
199647
300532
380583
5236
183339
376499
308940
197628
228426
308726
13122
199578
135630
243664
118310
380938
40196
149995
339413
372467
41301
149025
75569
352901
87640
278790
152573
356966
369674
209290
4583
99809
60782
95062
9160
51290
34539
130215
387568
203919
386495
134266
29496
293940
165515
339060
353862
160463
13957
59206
87679
133340
170348
351043
120808
93369
292329
3767
100166
304829
49611
116235
327980
75886
150655
279921
395108
3644
325226
374166
380229
169230
369628
348526
89478
225762
48455
247005
305769
18650
152244
250759
111180
109533
54758
152809
397515
390473
101953
343115
133505
195539
363496
391126
266540
175639
41978
53337
337836
232810
396981
345656
56513
54575
285280
315572
112924
46934
242377
230626
355203
382693
326953
345666
383316
218818
67912
6444
76896
66749
373437
178420
339324
382069
397639
130205
63029
10621
30995
271909
165791
270120
393051
270657
105751
77346
365947
211805
211025
136102
4321
335389
149776
354900
386135
43085
116775
3128
126675
74071
323713
291935
7393
355404
157775
243846
142915
362009
45564
172370
54487
363533
363189
33638
272513
68726
156370
363462
138544
285963
136221
241319
35394
6056
325242
32587
99872
152779
307637
254572
241733
395870
230014
253733
123170
136149
371161
178680
370725
204211
305282
167633
290626
203788
119474
309998
300487
244780
128941
170544
200270
159023
143024
262667
63233
230237
288347
360971
178126
201348
231836
874
105208
304807
120054
87111
153532
174153
311493
61577
383001
127664
276909
274281
342154
300638
352703
44064
281131
387331
67675
70047
323948
80945
338449
105278
220295
63858
251946
26503
98152
207710
145632
233625
287263
191491
161219
190551
107356
389346
311483
386527
146062
221064
314201
134302
179274
310814
321783
330506
94597
103353
136828
370396
298319
363412
194038
148927
51274
34713
220426
363654
337549
200205
194321
223430
124801
111577
252718
209998
156050
215100
315374
386082
114688
146613
20265
317607
205119
164867
209616
259129
274138
54668
375463
307463
35442
88994
254470
322996
334042
57299
161217
230240
156079
354538
387936
345466
84797
340026
276088
385999
161203
366124
141360
155164
163085
260869
205523
61840
402714
135301
382004
71140
95599
127025
150876
235456
104398
178987
201616
204077
252293
11558
50011
23209
178611
328517
352704
225068
33550
215671
11458
179919
53944
123367
303834
263047
278955
72118
79325
196447
128766
175084
263625
150829
25904
279439
239053
297354
125681
89088
209780
33039
228626
125648
67346
242298
328648
382185
283481
359629
129643
387475
272829
119276
288577
307239
369223
372946
4971
141447
20799
319103
181089
320083
392621
339386
102182
290404
390358
114071
396278
277422
308611
89791
27613
94851
169250
389364
243386
105613
117563
235317
62099
254555
146517
398504
360501
243270
81009
148023
129625
393063
15843
205604
274461
347792
365939
356135
311082
235228
372248
343953
199826
322486
85407
117291
207460
243355
85570
181031
131734
126235
397766
247419
38619
360691
375944
151640
66922
118482
108370
246045
172331
112944
252621
66409
356835
99116
386879
55990
161138
264113
151072
304176
369366
123471
253268
152843
145128
354434
28938
317349
163344
360036
147239
214298
225853
341114
384051
13091
327615
103597
157596
290485
108035
75090
42920
121687
221313
140650
159014
397734
77100
179099
385846
281365
120896
151895
23760
12941
387715
217765
196361
190134
179687
317335
236541
343671
21925
271468
124025
314671
224808
134986
351301
88873
173778
319546
53812
11880
16664
177005
167379
378468
211243
210298
296660
120962
392853
214072
245469
178312
7359
214501
245930
218117
79461
5234
84569
251146
56575
265950
233817
268205
358290
310359
220740
368935
189562
313197
94603
126268
98148
382362
385277
89112
50089
114344
337372
70362
293642
235118
47250
333600
361213
228740
225185
228074
145680
94557
158702
10774
315491
250336
366167
389294
64482
328940
367874
196593
70590
305376
376518
129556
42997
300404
76788
328657
70229
356645
249463
309073
157409
74453
245238
276462
77880
13953
72750
240293
390415
53702
325191
266758
142047
50354
190870
347085
109588
250712
214941
365888
38554
370212
94175
365225
370089
305387
88798
364170
259319
286615
197213
345058
173141
402889
384447
111977
303578
336713
239171
356017
373877
380160
336293
70282
139262
394706
234708
220317
43275
202562
185247
135841
169367
254641
258062
33139
6193
77184
352921
68089
154083
302932
271184
68125
29051
294833
292401
159032
184258
9939
20058
8987
254014
171622
145054
128644
99651
155004
357761
347995
56346
80057
169419
241382
112116
150477
29393
70445
111994
354601
292849
283176
371939
167533
223895
356484
299701
357824
175826
326085
282221
149822
379625
130102
76773
341958
385320
257183
313147
102090
401713
214830
221702
347876
119557
129921
382782
306643
154946
204538
179774
368446
124580
181921
187049
397206
320671
32105
228814
15345
302985
347883
75765
21813
10423
190453
307378
317267
160427
381791
49117
248512
4655
390506
289405
392014
154094
119064
254486
357558
378146
241857
369737
210269
61944
222312
268168
298784
23560
81201
221980
206936
327164
287175
6154
368540
343157
254999
377942
334147
60540
137555
270745
155028
220955
272268
402384
5498
254569
141348
402004
104062
392861
246861
366001
109975
95169
188663
161589
203570
94944
386477
39577
23418
142917
174142
213965
252396
147553
106469
123853
261812
211534
182830
393840
349449
174035
112867
169044
123723
333848
223321
345133
378777
160057
388515
23135
128525
361727
275222
313439
276913
25869
6589
204363
216067
264827
353094
149426
73203
202833
339357
154724
10676
371025
334657
242832
284453
160071
235257
181953
367304
359858
204199
19735
249923
183953
214950
265964
185636
318028
88852
69045
121287
86902
198309
215095
356387
364703
200466
4631
206787
230724
304411
169738
335174
385139
379637
296206
220620
71243
200261
329414
172693
174326
179899
192621
268452
270641
244755
190775
82408
227988
400830
15348
244611
297740
369132
89102
234147
310985
347428
256535
258056
248287
165271
210500
397111
101157
163954
315018
371620
259509
126014
373397
180934
384917
282020
129780
128753
293296
304780
367369
349402
157390
387558
284131
160538
55310
294036
52137
204899
283657
95225
115187
25902
353828
397826
90240
3205
337838
23756
20744
168616
391571
38283
158664
344354
250850
369991
350823
113367
356669
251480
70311
48394
393645
352254
149970
375454
195657
28819
143094
212713
387830
360817
235563
190708
181092
242891
187683
376203
330356
39085
190512
139975
271963
233951
54317
74706
253593
101272
344972
184399
395077
158175
375348
60894
263343
4021
158881
114059
108122
374926
8526
94602
208384
163139
108730
328968
209986
278733
304410
373006
322777
400312
311671
165966
149895
45717
401001
386834
394567
10716
240610
105045
242506
130493
317882
31312
134218
142381
180793
335011
75984
18597
390869
229020
264752
273746
181329
374884
1221
231731
249409
12143
282652
312045
120499
28505
43097
387448
170424
123876
324674
53570
194936
397887
74841
151713
158985
402403
160468
264759
166608
290347
173071
325561
90935
175555
334269
221295
360318
138500
387753
119968
133920
389752
161548
325239
399109
106192
400868
220072
15835
128258
13244
2438
76261
6786
198197
306107
244688
34233
351364
349915
310523
298553
150420
272589
27618
371455
318787
359339
325502
355976
359095
119841
342274
25568
48627
368080
158308
6582
74846
311855
214078
89818
61510
60461
305098
135485
352141
213014
170813
340734
194585
210812
266081
241000
52159
292336
222356
318680
402080
59674
397678
381145
82743
296288
46696
206939
342718
319971
338415
311450
304301
53352
289686
250119
65288
198575
234643
286322
55329
209528
349632
227675
207114
41244
195082
44175
263470
15712
138733
141455
86968
34701
225607
160035
55692
126896
221806
370865
186962
399095
305224
94172
43448
147431
158784
335744
376012
394948
388926
91670
216525
322847
385398
234062
100114
200003
287196
98942
72063
289716
97140
46764
139856
268300
248028
226609
399680
229493
11818
329139
134479
191540
108689
210902
96125
324628
351704
200528
3979
35883
222220
332070
118448
219258
363381
275470
119236
225461
397294
91260
36621
121529
17652
346773
161152
97202
350546
4281
134444
276545
201725
356515
97161
248500
211585
245794
323071
104584
6430
329761
53879
53450
164606
16772
48907
273124
324754
234330
163490
56801
61558
66995
80752
377586
359448
85022
282750
399672
147402
265409
165804
346731
39652
153150
168941
168739
245358
209396
343907
6961
352383
233569
259989
89332
157079
350947
176582
2174
122951
317491
372078
161718
278340
284031
31421
215249
399704
14904
60900
224316
186789
62784
78722
392571
277016
129557
313578
256007
310482
317017
156752
230488
168000
238109
176833
319895
318303
299180
101876
36097
214202
267533
171511
22213
242954
300863
105797
365580
354771
52075
349109
312859
298459
92780
190815
350817
250624
114211
397938
123489
4935
204078
386309
90748
114389
319583
264252
197127
50357
213495
587
218661
198984
13855
32286
365042
17573
10231
292634
216350
76154
232635
8626
219105
22662
352888
13060
276216
368615
283994
292663
9232
178200
330317
253547
324383
157340
23119
89833
348523
95697
230414
226098
107582
272041
79573
49716
310008
264306
129977
395657
375941
26283
328714
374055
152805
147445
33239
370576
163077
380651
269716
115305
169575
344988
331182
166593
334172
225419
340263
66166
229476
203541
135633
323095
205308
132177
122302
150310
163097
182956
188389
67528
401840
134261
37704
268467
172273
254911
45112
34122
279627
391331
222212
141735
296992
150680
319863
198332
384688
256765
238219
64837
186943
130657
127708
50172
371516
394486
7004
312321
395925
225998
109626
126707
30785
364363
283068
100067
120048
151891
396664
8922
245667
328612
329189
329827
74379
59741
78076
199798
332869
140691
355204
326510
252918
369079
119971
207221
295455
372053
281671
162137
82494
111105
157072
185014
85808
185895
373647
55121
154982
227146
368327
75172
118092
198981
318332
402641
141747
99583
275480
268322
295471
372027
376581
296653
370168
21520
391406
241120
4941
346023
230366
320822
249403
101276
32268
120119
387871
286131
59858
294095
242372
92496
199051
215867
327494
208775
352375
252821
212585
390898
162835
262408
184659
78072
22647
251187
214740
352880
310568
119069
273071
242600
147595
220809
207825
365634
157548
41732
343522
80441
194722
219909
270950
319195
374623
294387
386525
304475
146085
184235
387441
65385
361015
151244
164177
123201
253093
179593
391572
308698
3438
396052
257023
106088
78918
377107
361581
398865
132197
392545
220381
235285
212656
169913
211399
140899
128915
105961
379168
357550
83625
105242
320549
342376
333225
165146
5436
280626
298292
359904
45024
345362
323691
141039
221608
128519
209
5510
234376
13778
139241
333672
382962
2715
204482
37027
161222
120340
76092
57216
326979
150872
264569
88004
364212
377639
12338
88838
343562
140145
348558
117031
145009
337874
253058
383492
244467
255731
204473
39016
339253
297520
81183
266317
31704
8329
342701
339501
363748
47026
231806
110377
184134
172840
217819
167572
73021
109441
323839
211482
368170
350786
331699
266095
2896
4106
301548
355904
289247
274283
9937
11688
320627
94759
80549
266904
179470
118524
5340
32923
169513
266792
138715
371871
142430
271595
35199
341776
137548
142192
375851
53569
265376
30617
348177
260571
336550
267961
212738
161074
393519
52331
159643
169483
124513
288847
71133
331948
28341
250224
301495
309212
2853
92597
364800
83977
14118
316852
306225
76561
389003
225608
152305
353255
30295
226398
101808
367958
142392
222149
42899
111384
17896
274784
70304
157253
22831
57854
242989
216720
235886
147775
57980
300922
88787
79510
213376
334531
261480
334645
335782
150513
198187
294690
217360
336886
23115
321522
321613
196646
244382
186724
285726
350285
365523
217530
314911
324004
287590
123810
386084
155089
40111
383819
126464
132554
286052
48310
30685
11981
137332
250540
207679
334974
27082
10569
107916
294709
311751
43238
334596
140743
309031
31300
358340
314957
372427
106197
269066
323845
230046
238028
75433
277035
93048
19086
376065
240393
78398
268271
340599
220477
110449
165607
321927
132462
347540
41084
298132
128572
161236
180766
118575
366476
264486
321928
130995
55225
187540
69590
290514
29017
126061
179335
226710
277863
115952
276958
289312
254679
13523
160253
333525
324334
344574
367768
341176
302734
389329
81329
72917
309145
144255
388989
45217
207763
336680
361206
213546
402284
16665
187116
182575
111486
222694
359616
19272
234541
296673
137396
87588
359761
365096
395842
377106
30243
231807
13832
139246
167843
1977
360873
74601
403589
203263
184287
272343
162267
367085
100072
361537
200523
306893
253659
150022
217847
302746
180201
188751
99000
396158
32235
248098
190751
257092
143797
375180
348479
172040
227114
273846
65437
248576
14817
5998
295766
237566
188440
248027
107362
106756
397128
192984
266631
394720
193368
107598
313450
271355
98428
363765
289604
172824
29787
21382
64905
5652
121624
200076
66434
400620
30682
103737
398984
121715
147850
50808
307087
182530
255891
371795
77224
318248
290323
233958
389541
206902
263781
273809
352591
243191
72284
25398
368118
325064
60979
232319
192151
114719
55649
256749
404132
41110
212756
251399
68336
276453
170059
135309
74136
374123
403666
84912
348013
137152
72223
70513
287132
205992
83605
41779
171426
326464
215153
66758
158693
95673
252791
221557
325680
305453
39480
275492
2016
53607
66521
323606
102028
67280
29889
329089
61054
351956
371044
368330
23981
109165
364364
100446
